0 1.76 3.76 
0.05 1.6 3.24 
0.1 1.44 2.76 
0.15 1.28 2.28 
0.2 1.12 1.96 
0.25 1 1.64 
0.3 0.88 1.36 
0.35 0.8 1.12 
0.4 0.72 0.96 
0.45 0.64 0.8 
0.5 0.56 0.64 
0.55 0.48 0.52 
0.6 0.44 0.44 
0.65 0.4 0.4 
0.7 0.36 0.36 
0.75 0.32 0.32 
0.8 0.28 0.28 
0.85 0.24 0.24 
0.9 0.2 0.2 
0.95 0.16 0.16 
1 0.12 0.12 
1.05 0.08 0.08 
1.1 0.04 0.04 
1.15 0 0 
1.2 0 0 
1.25 0 0 
1.3 0 0 
1.35 0 0 
1.4 0 0 
1.45 0 0 
1.5 0 0 
1.55 0 0 
1.6 0 0 
1.65 0 0 
1.7 0 0 
1.75 0 0 
1.8 0 0 
1.85 0 0 
1.9 0 0 
1.95 0 0 
2 0 0 
2.05 0 0 
2.1 0 0 
2.15 0 0 
2.2 0 0 
2.25 0 0 
2.3 0 0 
2.35 0 0 
2.4 0 0 
2.45 0 0 
2.5 0 0 
2.55 0 0 
2.6 0 0 
2.65 0 0 
2.7 0 0 
2.75 0 0 
2.8 0 0 
2.85 0 0 
2.9 0 0 
2.95 0 0 
3 0 0 
3.05 0 0 
3.1 0 0 
3.15 0 0 
3.2 0 0 
3.25 0 0 
3.3 0 0 
3.35 0 0 
3.4 0 0 
3.45 0 0 
3.5 0 0 
3.55 0 0 
3.6 0 0 
3.65 0 0 
3.7 0 0 
3.75 0 0 
3.8 0 0 
3.85 0 0 
3.9 0 0 
3.95 0 0 
4 0 0 
4.05 0 0 
4.1 0 0 
4.15 0 0 
4.2 0 0 
4.25 0 0 
4.3 0 0 
4.35 0 0 
4.4 0 0 
4.45 0 0 
4.5 0 0 
4.55 0 0 
4.6 0 0 
4.65 0 0 
4.7 0 0 
4.75 0 0 
4.8 0 0 
4.85 0 0 
4.9 0 0 
4.95 0 0 
5 0 0 
