0 -1.26 
0.05 -1.38 
0.1 -1.47 
0.15 -0.75 
0.2 -1.05 
0.25 -1.02 
0.3 -0.45 
0.35 -0.42 
0.4 -0.48 
0.45 -0.6 
0.5 -0.66 
0.55 -0.09 
0.6 -4.91274e-15 
0.65 -4.91274e-15 
0.7 -0.06 
0.75 -0.09 
0.8 -0.12 
0.85 -0.18 
0.9 -0.21 
0.95 -0.24 
1 -0.3 
1.05 -0.33 
1.1 -0.36 
1.15 -4.91274e-15 
1.2 -4.91274e-15 
1.25 -4.91274e-15 
1.3 -4.91274e-15 
1.35 -4.91274e-15 
1.4 -4.91274e-15 
1.45 -4.91274e-15 
1.5 -4.91274e-15 
1.55 -4.91274e-15 
1.6 -4.91274e-15 
1.65 -4.91274e-15 
1.7 -4.91274e-15 
1.75 -4.91274e-15 
1.8 -4.91274e-15 
1.85 -4.91274e-15 
1.9 -4.91274e-15 
1.95 -4.91274e-15 
2 -4.91274e-15 
2.05 -4.91274e-15 
2.1 -4.91274e-15 
2.15 -4.91274e-15 
2.2 -4.91274e-15 
2.25 -4.91274e-15 
2.3 -4.91274e-15 
2.35 -4.91274e-15 
2.4 -4.91274e-15 
2.45 -4.91274e-15 
2.5 -4.91274e-15 
2.55 -4.91274e-15 
2.6 -4.91274e-15 
2.65 -4.91274e-15 
2.7 -4.91274e-15 
2.75 -4.91274e-15 
2.8 -4.91274e-15 
2.85 -4.91274e-15 
2.9 -4.91274e-15 
2.95 -4.91274e-15 
3 -4.91274e-15 
3.05 -4.91274e-15 
3.1 -4.91274e-15 
3.15 -4.91274e-15 
3.2 -4.91274e-15 
3.25 -4.91274e-15 
3.3 -4.91274e-15 
3.35 -4.91274e-15 
3.4 -4.91274e-15 
3.45 -4.91274e-15 
3.5 -4.91274e-15 
3.55 -4.91274e-15 
3.6 -4.91274e-15 
3.65 -4.91274e-15 
3.7 -4.91274e-15 
3.75 -4.91274e-15 
3.8 -4.91274e-15 
3.85 -4.91274e-15 
3.9 -4.91274e-15 
3.95 -4.91274e-15 
4 -4.91274e-15 
4.05 -4.91274e-15 
4.1 -4.91274e-15 
4.15 -4.91274e-15 
4.2 -4.91274e-15 
4.25 -4.91274e-15 
4.3 -4.91274e-15 
4.35 -4.91274e-15 
4.4 -4.91274e-15 
4.45 -4.91274e-15 
4.5 -4.91274e-15 
4.55 -4.91274e-15 
4.6 -4.91274e-15 
4.65 -4.91274e-15 
4.7 -4.91274e-15 
4.75 -4.91274e-15 
4.8 -4.91274e-15 
4.85 -4.91274e-15 
4.9 -4.91274e-15 
4.95 -4.91274e-15 
